1 8 13 17 21 27 31 36 41
2 9 13 17 21 28 32 38 42
1 8 13 17 21 28 31 36 41
2 8 14 16 21 27 31 36 41
3 10 13 16 21 27 32 36 42
3 8 11 16 21 28 31 36 41
2 8 14 16 21 28 31 36 41
1 9 12 17 21 29 35 37 42
3 9 14 16 21 28 33 39 41
1 8 12 17 21 29 31 37 41
1 7 13 17 21 28 31 36 42
1 9 14 18 22 28 32 36 41
3 8 14 16 21 28 31 38 41
1 10 13 18 24 28 31 38 42
1 8 13 16 21 27 31 36 41
4 9 14 16 21 27 31 39 41
3 9 14 16 21 26 31 38 42
2 8 14 16 21 28 31 37 41
3 10 14 16 21 28 31 37 42
2 8 14 17 21 28 31 39 41
1 8 13 16 21 27 31 36 41
1 10 13 17 25 28 31 39 42
2 8 14 16 21 27 31 36 41
3 9 14 17 21 28 31 38 41
2 10 13 16 22 27 32 38 42
2 8 13 17 22 27 32 37 41
4 9 14 16 21 28 31 37 41
3 8 11 16 21 28 31 36 42
1 10 13 17 21 28 31 36 41
3 9 14 16 21 28 32 37 41
1 8 14 18 22 29 32 36 42
3 8 14 16 21 27 31 38 41
3 9 13 16 21 28 31 37 41
3 8 14 16 21 28 31 36 42
1 9 13 16 21 28 32 36 41
1 7 13 17 21 28 32 36 41
1 8 13 17 21 28 31 36 42
3 8 11 16 21 26 31 36 41
3 10 14 16 21 28 31 37 42
1 8 14 16 21 27 31 36 41
1 8 13 16 21 27 31 36 41
3 8 14 17 21 28 31 36 42
2 8 13 17 21 27 31 36 41
3 9 13 18 23 28 32 37 41
4 9 14 17 21 28 31 38 42
1 7 13 16 21 27 31 36 41
1 8 14 19 21 29 32 36 41
3 9 13 17 21 28 31 37 42
1 9 14 16 21 29 34 37 41
1 8 13 18 21 29 31 36 41
3 9 14 16 21 28 31 37 42
1 8 11 16 21 26 31 36 41
2 7 13 16 21 27 32 37 41
1 9 14 17 22 28 32 36 42
1 9 13 17 21 27 32 36 41
2 8 14 17 21 28 31 36 41
3 8 14 17 21 28 32 38 42
1 8 14 16 21 29 32 38 41
1 8 13 18 21 28 31 36 42
1 8 13 16 21 27 31 36 41
2 9 14 17 21 28 31 36 41
2 8 13 18 22 28 33 38 42
2 9 13 17 21 28 31 36 41
2 9 14 17 22 28 31 36 41
3 10 15 17 22 29 32 38 42
1 7 14 17 21 28 31 36 41
1 6 12 17 21 27 31 36 41
1 10 13 17 21 29 34 36 42
3 7 14 16 21 28 31 37 41
2 8 13 17 21 28 31 36 41
3 8 13 17 21 28 31 36 42
1 8 13 17 21 27 31 36 41
1 8 12 16 21 27 31 36 41
3 10 14 17 22 28 31 39 42
1 7 11 16 21 26 31 36 41
3 8 14 17 21 28 32 37 41
3 10 13 17 22 28 31 37 42
1 8 13 17 21 27 31 36 41
3 9 13 16 21 28 31 37 42
1 8 14 17 21 28 32 36 41
4 8 13 18 21 28 31 38 41
3 8 13 16 21 28 31 37 42
1 8 13 17 21 28 31 36 41
1 8 13 16 21 27 31 36 41
1 8 14 17 21 28 32 37 42
1 8 13 16 21 27 31 36 41
2 9 14 16 22 28 31 37 41
1 8 13 17 21 28 32 36 42
3 8 14 18 21 29 31 37 41
1 9 14 16 21 27 32 36 41
4 9 14 16 21 29 32 37 42
2 9 13 17 22 28 31 37 41
1 8 13 17 21 28 31 36 41
1 9 11 16 21 29 31 36 42
1 7 12 16 21 27 31 36 41
2 8 13 17 21 28 31 36 41
2 9 15 16 21 29 31 37 42
1 9 13 16 21 27 31 36 41
5 9 13 17 21 28 31 37 42
1 9 14 16 21 27 31 36 41
1 8 13 16 21 27 31 36 41
2 9 13 16 21 27 31 39 42
1 8 13 16 21 28 32 36 41
1 9 13 17 21 28 32 36 41
1 9 14 18 22 29 31 36 42
1 8 15 16 21 27 31 36 41
2 9 13 17 21 28 31 37 41
1 10 13 16 21 28 33 37 42
1 8 13 17 21 28 31 36 41
1 8 14 17 21 28 31 36 41
1 8 14 17 21 28 31 36 42
2 7 13 16 21 28 31 36 41
2 7 12 16 21 28 32 36 41
1 10 13 17 21 28 31 36 42
2 8 13 17 21 28 31 36 41
2 8 14 16 21 27 31 36 41
3 9 13 17 23 28 31 38 42
2 8 13 17 21 28 31 36 41
3 10 13 17 22 28 32 37 42
1 8 14 17 21 28 31 36 41
2 9 14 16 21 27 31 40 41
2 9 14 16 21 28 31 39 42
1 9 13 17 21 29 31 36 41
1 8 13 17 21 28 31 36 41
2 9 14 16 21 28 31 37 42
3 8 14 17 21 28 31 37 41
1 8 13 16 21 27 32 36 41
1 10 14 18 21 29 32 36 42
1 9 13 17 21 28 31 36 41
1 8 13 17 21 28 32 36 41
1 8 14 16 21 28 31 36 42
1 8 13 17 21 28 31 36 41
1 9 14 16 21 28 32 36 41
1 8 12 18 21 30 31 36 42
2 8 13 17 22 28 31 36 41
1 9 14 16 21 27 31 38 41
1 8 14 17 21 28 31 37 42
2 8 14 17 21 28 31 37 41
1 8 14 16 21 28 32 39 42
1 8 13 17 21 28 31 36 41
2 9 13 17 22 28 31 36 41
2 10 13 16 21 28 31 37 42
1 8 14 17 21 26 32 36 41
3 7 14 17 21 28 31 37 41
3 9 13 16 21 28 33 37 42
1 8 13 17 21 28 33 37 41
2 9 14 16 21 28 31 39 41
1 10 13 17 22 28 31 36 42
1 8 13 16 21 28 31 36 41
1 9 14 18 22 28 31 36 41
3 8 13 16 21 28 31 37 42
2 8 13 16 21 27 31 37 41
1 9 14 18 23 29 32 36 41
3 9 14 17 21 28 33 37 42
1 8 13 16 21 27 32 36 41
1 8 13 17 21 27 32 36 41
3 10 14 16 21 29 31 37 42
1 8 14 16 21 28 31 36 41
3 9 14 18 21 29 31 37 42
2 9 14 17 21 28 31 37 41
3 8 14 18 21 28 31 38 41
5 10 13 18 21 29 32 38 42
1 8 14 17 22 29 31 36 41
1 8 13 17 21 28 31 36 41
1 9 14 16 21 28 32 36 42
1 9 13 17 21 28 31 36 41
2 9 13 16 21 28 32 37 41
2 8 14 16 21 28 32 37 42
2 8 13 16 21 28 31 36 41
1 8 14 16 21 28 31 36 41
2 8 14 16 21 28 31 37 42
1 8 11 17 21 28 32 36 41
1 7 13 18 21 29 32 36 41
2 9 13 17 21 28 31 36 42
1 7 13 17 21 28 31 37 41
2 8 14 16 21 28 31 37 41
3 10 13 18 21 28 32 37 42
2 9 14 16 21 29 31 38 41
1 9 15 18 21 30 31 36 42
2 8 14 16 21 27 31 36 41
1 8 13 16 21 28 32 36 41
2 9 14 16 21 28 32 37 42
1 6 14 17 21 28 31 36 41
2 7 13 16 21 27 31 36 41
3 10 13 17 21 28 32 37 42
2 9 14 16 21 28 31 37 41
1 8 13 16 21 27 31 36 41
3 10 13 17 23 28 32 39 42
3 9 13 18 21 28 31 37 41
3 8 13 17 21 27 31 37 41
1 9 15 18 21 28 33 37 42
1 8 13 16 21 27 31 36 41
1 8 14 16 21 28 32 36 41
3 8 14 17 21 28 32 36 42
1 9 14 16 21 28 31 36 41
2 9 14 17 21 28 31 36 42
1 8 13 17 21 28 32 36 41
1 8 13 16 21 27 31 36 41
3 9 13 16 21 28 31 37 42
2 8 13 17 22 28 31 38 41
2 8 13 17 21 27 31 36 41
4 9 11 16 21 29 32 37 42
1 8 13 17 21 28 31 36 41
1 8 13 17 21 28 31 36 41
2 9 14 18 22 28 31 36 42
1 9 14 18 21 29 31 36 41
3 10 14 17 21 28 31 39 41
1 8 13 16 21 27 32 36 42
2 9 13 17 21 28 31 36 41
3 8 11 16 21 27 31 37 41
2 8 13 18 21 28 32 36 42
3 9 13 17 22 28 32 39 41
1 8 13 16 21 27 32 36 41
2 9 13 17 22 28 31 36 42
1 8 14 17 21 28 31 36 41
3 10 14 17 22 28 32 39 42
1 8 14 16 21 28 31 36 41
2 10 13 17 25 28 35 36 41
2 10 15 16 21 28 31 38 42
1 8 14 17 21 29 31 36 41
1 7 14 17 21 27 32 36 41
3 10 14 17 21 28 31 37 42
2 9 13 16 21 28 31 36 41
1 7 13 17 21 28 31 36 41
1 9 13 17 21 29 31 36 42
1 8 14 16 21 27 32 36 41
1 8 13 17 21 28 31 36 41
3 8 14 17 22 28 31 37 42
2 8 13 17 21 28 31 36 41
1 9 14 17 22 28 31 36 41
4 9 13 18 22 29 32 37 42
3 9 13 16 21 28 31 37 41
1 10 14 17 25 29 31 36 41
2 8 13 18 21 28 31 36 42
3 9 13 17 23 28 31 37 41
2 8 14 17 21 28 33 36 42
1 8 14 16 21 28 31 36 41
3 8 13 16 21 28 31 37 41
2 8 13 16 21 28 31 37 42
1 9 14 16 21 28 31 36 41
1 8 14 16 21 27 31 36 41
1 10 13 17 23 28 33 36 42
1 8 13 17 21 28 31 36 41
1 8 13 17 21 28 32 36 41
1 9 14 16 21 28 32 39 42
1 8 13 17 21 28 31 36 41
1 10 13 16 23 27 32 36 41
1 10 13 17 21 28 32 36 42
1 10 13 16 21 28 31 37 41
2 8 13 17 21 28 32 36 41
2 9 14 16 21 29 32 36 42
1 9 14 16 21 28 31 39 41
2 8 14 16 21 28 32 37 41
2 9 14 17 23 29 31 38 42
1 9 13 18 21 28 33 36 41
2 10 13 16 21 29 31 36 42
1 8 13 16 21 27 31 36 41
1 8 13 17 21 27 31 36 41
3 10 14 17 22 28 32 38 42
1 9 14 16 21 27 31 37 41
1 7 14 18 21 28 31 36 41
1 10 14 17 21 29 32 36 42
4 8 13 16 21 28 31 38 41
1 8 13 18 21 29 32 36 41
3 10 14 17 21 28 32 36 42
1 8 13 17 21 28 31 36 41
2 8 14 16 21 27 32 39 41
1 9 13 16 21 27 31 36 42
1 8 13 16 22 27 32 36 41
3 9 14 17 21 28 31 37 41
2 8 13 17 22 28 33 37 42
3 9 14 16 21 28 31 37 41
3 9 14 17 21 27 32 38 41
3 10 14 16 21 28 33 38 42
2 9 14 18 24 28 32 37 41
4 8 13 16 22 28 32 37 42
2 8 13 16 21 27 31 36 41
2 8 13 18 21 28 31 37 41
1 8 13 17 21 28 31 36 42
1 7 14 17 21 28 31 36 41
1 10 13 16 21 27 31 39 41
4 9 14 17 21 28 33 38 42
2 9 13 17 21 28 32 36 41
1 9 14 17 22 28 31 36 41
1 9 11 16 21 28 32 36 42
3 8 13 16 21 27 32 39 41
2 7 14 18 21 28 31 37 41
2 9 13 16 21 28 31 37 42
1 9 14 16 21 27 31 37 41
1 9 14 17 21 28 31 36 41
1 9 11 16 21 28 32 36 42
1 9 13 16 21 27 31 36 41
2 8 13 17 21 27 31 37 41
1 9 11 16 21 28 31 36 42
1 8 13 17 21 28 32 36 41
3 8 14 17 21 29 33 37 42
1 8 13 16 21 28 32 36 41
1 8 13 17 21 28 31 36 41
3 8 13 17 21 27 31 36 42
1 8 14 16 21 27 31 36 41
1 8 13 17 21 28 31 36 41
1 9 13 16 21 28 31 36 42
2 9 13 16 22 28 31 36 41
1 8 14 17 21 28 31 36 41
3 10 14 16 21 28 31 38 42
1 9 13 17 21 27 31 36 41
3 10 13 16 21 28 31 37 41
1 8 14 16 21 28 31 38 42
2 8 13 17 21 28 31 37 41
3 8 13 16 21 27 33 38 41
1 8 14 17 22 29 32 36 42
1 8 13 16 21 28 31 36 41
4 8 14 16 21 27 31 37 41
1 8 13 17 21 28 32 36 42
1 8 13 16 21 27 31 36 41
1 9 14 17 22 29 33 36 42
1 10 14 18 22 29 31 36 41
1 8 11 16 21 28 32 37 41
1 9 12 18 22 29 32 36 42
1 9 13 16 21 27 31 36 41
1 8 14 17 21 27 32 37 41
1 9 13 17 23 28 31 36 42
1 6 13 17 21 28 31 36 41
2 9 14 16 21 28 31 37 41
5 8 14 17 22 28 31 38 42
3 8 13 16 21 28 31 39 41
3 9 14 17 21 28 31 38 41
1 10 11 16 21 28 32 36 42
1 9 12 16 21 28 32 36 41
1 8 11 16 21 27 31 36 41
1 9 13 17 21 28 31 36 42
1 8 13 16 21 27 31 36 41
2 8 14 16 21 29 31 36 41
2 8 15 16 21 29 31 36 42
2 9 14 16 21 28 31 36 41
3 10 13 17 21 27 31 38 42
1 7 14 17 21 28 31 38 41
1 8 13 16 21 28 32 36 41
1 9 13 16 22 28 33 36 42
1 8 14 16 21 29 32 36 41
4 8 14 18 21 28 31 38 41
1 9 13 17 22 28 32 36 42
2 9 13 16 21 28 31 39 41
2 8 15 17 21 28 31 39 41
1 9 14 16 21 27 31 36 42
2 9 14 17 22 28 31 36 41
2 8 13 17 21 28 31 36 41
3 8 14 17 21 28 33 37 42
1 8 13 16 21 27 31 36 41
1 8 14 16 21 28 31 36 41
1 10 14 16 21 28 31 36 42
1 8 13 17 21 26 34 36 41
1 8 13 17 21 28 31 36 41
2 10 14 16 21 27 31 39 42
1 8 13 18 21 28 31 36 41
1 8 14 17 21 28 31 36 42
1 9 13 18 21 28 32 36 41
1 8 14 16 21 27 31 36 41
1 9 13 17 21 28 31 37 42
1 8 13 17 21 28 31 36 41
1 8 15 17 21 29 33 37 41
4 9 14 17 21 27 32 37 42
1 8 13 17 21 28 32 36 41
1 8 13 17 21 27 31 36 41
1 9 13 17 21 28 32 36 42
1 8 13 16 22 27 32 36 41
1 8 13 16 21 27 33 36 41
1 8 14 17 21 29 31 36 42
1 9 13 17 21 27 31 36 41
1 8 13 16 21 27 31 36 41
1 10 11 16 21 29 31 37 42
1 8 13 17 21 28 32 36 41
1 8 13 17 22 28 31 37 41
2 8 14 16 21 28 31 37 42
1 9 13 16 23 27 31 36 41
3 9 14 17 22 28 32 37 42
2 8 13 16 21 27 31 37 41
1 9 13 17 22 28 34 36 41
3 10 14 16 21 28 31 37 42
1 8 13 17 21 27 32 37 41
1 8 13 16 21 27 31 36 41
2 6 14 17 21 29 31 37 42
2 9 13 16 21 27 31 38 41
3 7 14 17 21 28 31 37 41
3 10 14 16 21 28 31 38 42
1 9 12 17 21 29 31 36 41
1 8 13 16 21 27 31 36 41
1 9 13 18 21 28 32 36 42
2 8 14 17 21 28 32 36 41
1 8 13 17 22 28 31 36 41
4 9 11 17 21 28 32 37 42
1 9 14 17 22 29 33 36 41
1 10 14 17 22 28 32 36 42
1 9 14 17 21 27 31 36 41
1 8 13 17 21 28 33 36 41
2 10 13 17 22 28 32 36 42
1 8 13 16 21 27 32 36 41
1 8 14 18 22 29 31 36 41
2 9 14 16 21 28 31 39 42
1 8 13 16 21 27 32 36 41
1 8 13 18 21 29 31 36 41
2 9 13 16 21 28 31 36 42
1 8 13 17 21 28 31 36 41
1 8 11 16 21 26 31 36 41
1 9 15 17 21 28 31 38 42
1 9 14 18 21 29 31 36 41
1 8 11 16 21 27 31 36 41
1 10 14 18 23 28 35 36 42
1 8 14 16 21 28 32 37 41
1 8 14 16 21 28 31 36 41
4 9 14 18 22 28 31 39 42
1 9 14 16 21 27 31 36 41
2 9 14 16 21 29 31 36 42
1 8 13 16 21 27 33 37 41
4 9 14 17 21 28 31 37 41
2 8 14 17 21 28 32 37 42
2 9 14 16 21 28 31 36 41
1 8 13 16 21 27 31 36 41
3 8 15 17 21 29 31 38 42
2 8 14 16 21 28 32 36 41
1 8 13 17 21 28 31 36 41
2 9 14 17 22 28 31 39 42
2 8 13 17 21 28 31 36 41
1 8 13 16 21 27 32 36 41
2 10 14 16 21 29 31 36 42
1 8 14 18 21 28 31 36 41
1 9 14 16 21 28 31 36 41
2 9 14 16 21 28 32 36 42
1 8 13 16 21 27 31 36 41
1 8 13 17 22 28 31 36 41
1 9 13 18 21 28 31 36 42
1 8 11 16 21 27 32 40 41
1 10 13 17 21 28 31 36 42
1 8 13 17 21 28 31 36 41
1 9 13 16 21 27 32 39 41
2 8 13 16 21 28 31 36 42
2 8 13 17 21 28 31 36 41
3 9 14 17 21 27 31 40 41
2 9 14 18 21 28 31 37 42
3 9 13 17 21 27 32 38 41
1 7 13 16 21 27 31 36 41
2 10 13 16 21 28 31 37 42
3 7 13 18 21 28 32 37 41
2 8 14 17 21 28 31 37 41
2 8 13 16 21 28 31 38 42
3 8 15 16 21 27 33 37 41
1 9 13 16 21 27 31 36 41
3 10 14 16 21 27 33 37 42
1 7 13 16 21 28 31 36 41
1 8 13 17 21 28 32 36 41
1 10 13 18 24 29 32 36 42
2 9 14 18 21 29 32 36 41
1 9 13 17 21 28 31 36 42
1 9 14 18 21 29 32 36 41
1 9 13 17 21 28 31 36 41
1 10 14 17 23 28 31 36 42
1 8 13 17 21 28 31 36 41
3 9 14 16 21 28 31 38 41
2 9 14 17 21 28 32 37 42
2 8 13 16 21 28 31 36 41
1 9 14 17 21 28 31 39 41
1 9 13 17 21 27 31 36 42
3 8 14 16 21 27 31 36 41
3 9 14 17 21 27 31 37 41
3 9 14 17 22 29 31 37 42
2 9 14 17 21 28 31 39 41
1 9 14 17 21 28 31 36 41
2 10 14 17 22 28 31 36 42
2 8 13 17 21 28 31 36 41
1 8 14 17 21 28 31 36 41
1 10 13 17 22 28 31 37 42
1 9 13 18 23 29 31 36 41
1 8 14 17 22 28 31 37 42
1 10 14 17 22 29 33 39 41
2 8 13 16 21 27 31 36 41
1 9 11 16 21 29 31 36 42
3 10 14 16 21 27 32 39 41
1 8 13 17 21 28 32 36 41
1 10 15 17 21 28 31 37 42
1 8 14 17 21 28 31 37 41
2 8 13 17 21 28 31 37 41
3 8 13 16 21 28 32 37 42
1 8 11 16 21 26 31 36 41
2 10 14 16 21 27 31 39 41
2 8 13 16 21 28 31 36 42
2 8 13 16 21 27 31 36 41
1 8 13 16 21 28 32 36 41
1 10 14 19 21 30 35 36 42
2 9 14 17 22 28 32 37 41
1 8 14 16 21 27 31 36 41
1 8 13 17 21 28 31 36 42
1 8 13 17 21 28 31 36 41
1 9 13 16 21 28 31 36 42
3 8 13 17 21 28 32 37 41
1 8 14 17 21 28 31 37 41
5 10 13 17 21 28 31 37 42
3 7 14 16 21 28 31 37 41
1 9 13 17 22 28 32 36 41
3 9 14 18 22 28 32 38 42
1 8 13 17 21 28 32 36 41
3 9 14 16 21 27 31 39 41
3 9 11 16 21 28 31 37 42
1 9 13 16 22 27 31 36 41
3 8 13 16 21 27 31 39 41
1 8 14 18 22 28 32 36 42
1 8 13 16 21 28 31 36 41
1 8 13 16 21 27 31 36 41
1 9 13 17 22 28 31 37 42
3 9 14 16 21 28 31 38 41
4 7 13 16 21 28 31 37 41
1 9 11 16 21 29 32 36 42
2 9 14 16 22 27 32 39 41
1 9 13 18 22 29 31 36 42
1 7 13 17 21 27 31 36 41
1 9 14 17 21 28 31 36 41
2 9 13 16 21 28 33 38 42
2 8 11 16 21 26 31 36 41
1 9 13 16 21 28 31 36 41
3 10 13 17 21 27 31 38 42
1 8 13 16 21 27 31 36 41
1 8 13 16 21 27 31 36 41
2 6 13 18 21 28 32 37 42
1 8 14 16 21 27 31 36 41
1 8 13 17 22 28 31 36 41
1 10 14 17 21 28 31 37 42
1 8 13 16 21 27 32 36 41
1 9 13 16 21 28 32 36 41
4 8 13 17 21 28 31 38 42
1 8 14 16 21 29 32 36 41
1 8 13 18 21 29 32 36 41
1 10 13 16 21 28 31 36 42
2 8 11 16 21 28 31 36 41
3 9 14 17 21 28 32 38 42
1 7 13 17 21 28 33 36 41
1 8 14 16 21 28 31 38 41
3 9 13 16 21 28 32 38 42
1 7 13 16 21 27 32 39 41
1 9 14 17 22 28 32 36 41
2 9 11 16 21 28 31 36 42
2 8 14 17 21 28 31 36 41
1 8 14 17 21 28 31 36 41
1 9 14 18 21 28 32 36 42
2 9 13 17 21 28 31 36 41
1 10 14 18 21 28 31 38 41
3 8 14 18 22 28 32 37 42
2 10 15 17 21 28 32 37 41
1 8 13 17 21 28 31 36 41
1 9 13 17 22 28 32 36 42
1 8 13 17 21 28 32 36 41
2 8 14 16 21 28 31 39 41
3 8 14 17 21 28 32 38 42
1 8 13 17 21 28 31 36 41
3 10 14 17 22 28 31 37 42
1 8 13 17 21 28 31 36 41
3 9 13 17 22 27 31 37 41
2 10 14 17 22 29 33 38 42
1 8 13 18 21 28 31 36 41
3 8 14 16 21 28 31 39 41
2 9 14 16 21 28 31 38 42
4 8 13 18 21 29 31 37 41
4 8 14 16 21 28 31 37 41
1 10 13 17 22 29 31 36 42
1 8 13 17 21 28 31 36 41
2 8 13 16 21 28 31 36 41
1 9 13 17 21 28 31 37 42
1 8 14 16 21 28 32 36 41
1 8 13 16 21 27 32 36 41
1 8 14 16 21 29 32 36 42
1 8 13 17 21 28 31 36 41
2 8 13 17 21 28 31 38 41
1 10 13 20 21 28 32 39 42
2 9 13 17 21 28 31 37 41
1 9 14 18 21 29 31 36 42
1 7 13 16 21 28 31 37 41
1 9 14 16 21 27 31 36 41
3 9 14 17 24 28 32 38 42
1 8 13 17 21 28 31 36 41
1 8 13 16 21 28 31 36 41
3 9 13 16 21 28 31 37 42
1 9 14 17 22 28 32 36 41
1 8 12 18 21 28 31 36 41
1 10 14 17 21 28 33 38 42
2 8 12 17 21 27 32 37 41
3 9 13 16 21 28 31 37 41
4 8 14 18 21 29 32 38 42
2 8 13 17 21 27 31 36 41
4 9 14 16 21 27 31 39 41
1 9 14 16 21 28 31 37 42
3 8 14 16 21 28 31 37 41
1 10 14 16 22 28 32 36 42
1 8 13 16 21 27 31 36 41
2 8 13 16 21 27 31 36 41
1 10 14 16 21 28 31 37 42
1 7 11 16 21 27 31 36 41
1 8 14 18 21 28 31 36 41
3 9 14 17 21 28 32 38 42
1 8 13 17 21 28 34 36 41
2 9 13 18 22 28 32 37 41
2 10 11 16 21 28 31 37 42
1 7 14 16 21 29 31 38 41
1 8 11 16 21 28 32 36 41
1 10 14 18 22 28 33 36 42
1 8 12 16 21 27 31 36 41
1 8 14 16 21 28 31 36 41
1 10 13 17 22 28 32 37 42
2 8 11 16 21 27 31 36 41
1 9 14 17 21 28 31 36 41
3 10 14 18 22 28 32 37 42
1 9 13 17 21 28 31 36 41
4 9 14 17 21 28 32 38 42
1 8 13 17 21 27 31 36 41
1 9 14 17 22 29 31 36 41
3 8 14 17 21 28 33 38 42
1 8 13 16 22 27 31 36 41
1 8 13 17 21 28 31 36 41
1 8 11 16 21 28 31 36 42
2 8 14 17 21 28 32 36 41
1 8 13 16 21 27 31 36 41
3 8 13 16 21 28 32 37 42
2 8 14 16 21 28 31 36 41
1 7 13 16 21 27 31 36 41
4 8 13 16 21 28 31 37 42
1 8 14 18 21 28 31 36 41
1 8 14 17 21 27 34 36 41
3 8 14 17 21 29 32 36 42
2 10 14 16 21 29 33 38 41
1 8 13 17 21 29 31 36 41
2 9 14 16 21 28 31 38 42
1 8 13 16 21 28 31 36 41
1 10 14 16 21 27 31 37 42
2 8 14 18 21 28 31 36 41
1 9 13 16 21 27 31 36 41
1 10 13 17 21 28 31 36 42
1 9 14 16 21 28 31 36 41
2 9 14 16 21 28 31 38 41
4 9 14 17 21 28 31 37 42
2 8 13 17 21 27 31 36 41
1 8 14 18 21 28 31 36 41
1 9 13 17 24 28 31 36 42
1 8 13 16 21 27 31 36 41
1 9 14 16 22 28 31 36 41
1 8 14 17 21 28 33 36 42
3 8 13 16 21 27 31 36 41
2 8 14 16 21 28 31 38 41
1 10 14 18 21 29 33 36 42
1 8 14 16 21 28 32 36 41
1 8 14 16 21 27 31 36 41
3 10 15 18 22 28 31 37 42
1 8 14 16 21 28 32 36 41
3 9 14 18 21 28 32 37 42
2 9 13 16 21 28 31 36 41
2 8 11 16 21 28 32 36 41
2 8 13 17 21 28 31 37 42
1 8 13 17 21 28 32 36 41
1 9 14 17 23 28 31 36 41
2 9 14 16 21 28 31 40 42
1 8 13 17 21 27 31 36 41
1 8 13 17 21 27 31 36 41
3 8 13 17 21 28 31 37 42
1 8 13 17 21 28 31 36 41
2 9 14 18 21 28 31 36 41
2 10 13 16 21 28 31 36 42
1 9 13 16 21 27 31 36 41
1 8 13 17 21 28 31 36 41
3 9 14 16 21 27 31 38 42
1 8 13 17 21 27 31 36 41
1 9 14 18 22 28 33 37 41
1 9 13 16 21 28 31 36 42
4 9 15 16 21 28 31 38 41
1 10 14 17 21 29 31 36 42
3 10 14 16 21 28 31 38 41
1 8 14 18 21 28 31 36 41
2 9 14 16 21 28 31 36 42
2 8 13 17 22 28 31 37 41
3 9 14 17 21 28 31 38 41
1 9 14 18 22 29 31 38 42
2 10 13 17 21 28 32 38 41
1 8 13 16 21 27 32 36 41
4 9 15 16 21 29 31 37 42
3 7 15 17 21 28 31 38 41
1 9 15 17 22 30 32 36 41
3 9 13 18 21 28 31 37 42
3 8 14 16 21 28 32 39 41
1 8 13 16 21 28 31 36 41
3 9 14 17 23 28 31 37 42
1 8 13 16 22 27 32 36 41
1 7 13 17 21 27 31 36 41
1 10 14 16 21 28 31 36 42
1 8 13 17 21 29 31 36 41
2 9 14 17 21 28 32 38 42
2 9 14 16 21 26 32 40 41
1 9 14 17 22 28 32 36 41
1 10 14 17 21 28 32 38 42
1 9 13 16 21 27 31 36 41
1 8 13 16 21 28 31 36 41
3 8 11 16 21 26 31 36 42
1 9 14 17 22 27 32 36 41
3 8 14 16 21 27 32 37 41
3 10 14 16 21 28 31 38 42
1 9 13 17 21 28 32 36 41
1 8 13 16 21 27 31 36 41
1 8 13 17 21 28 32 36 42
1 8 11 16 21 27 31 36 41
2 9 14 16 21 28 32 36 41
3 9 13 17 21 29 31 37 42
2 8 13 16 21 29 32 36 41
1 9 14 17 22 28 31 36 41
3 10 13 17 23 28 32 37 42
1 9 11 16 21 28 31 37 41
1 10 14 17 22 28 32 36 42
2 8 14 17 21 28 31 36 41
2 8 14 17 21 28 31 36 41
2 8 14 17 21 28 31 38 42
1 9 12 17 22 28 31 36 41
1 9 13 16 23 28 31 36 41
1 9 13 17 21 28 31 37 42
2 9 14 17 21 28 31 37 41
1 9 13 17 22 27 31 36 41
1 9 14 17 21 28 31 37 42
1 8 14 16 21 28 31 36 41
3 8 13 16 21 27 32 38 41
3 9 14 16 21 28 31 36 42
1 8 13 18 22 28 31 36 41
2 8 14 16 21 28 31 37 41
1 10 14 17 21 29 32 36 42
1 8 13 17 22 28 31 36 41
2 8 14 17 21 28 31 37 41
1 8 14 16 21 28 31 37 42
1 8 14 16 21 28 31 38 41
4 9 14 17 21 29 32 38 42
2 8 14 18 21 28 31 37 41
1 8 14 17 22 28 31 36 41
3 9 14 16 21 28 32 38 42
1 9 14 17 21 28 31 36 41
1 10 14 16 21 27 31 36 41
1 9 14 18 21 29 31 36 42
1 8 13 16 21 28 31 36 41
1 8 13 17 21 28 31 36 41
1 10 13 17 22 28 31 37 42
1 8 14 16 21 27 32 38 41
2 8 13 17 21 28 31 36 41
2 10 13 16 21 27 31 38 42
1 9 14 17 21 28 31 36 41
3 7 13 17 21 28 32 37 41
2 9 13 16 21 28 33 36 42
1 8 13 16 21 28 31 36 41
1 8 12 17 21 28 31 36 41
1 10 14 18 24 29 31 36 42
1 8 13 16 21 28 31 36 41
3 9 14 17 21 28 31 38 42
4 9 14 17 21 29 33 37 41
4 8 14 17 21 28 31 38 41
1 9 14 17 21 28 33 37 42
1 8 14 18 21 29 33 36 41
1 9 14 17 21 28 31 36 41
1 9 13 16 21 28 31 38 42
1 8 13 17 21 27 31 36 41
3 9 14 18 21 28 31 37 41
2 10 14 16 21 28 31 39 42
1 8 14 16 21 28 31 36 41
1 8 13 17 21 28 32 36 41
3 10 14 17 21 29 31 37 42
3 8 13 16 21 27 31 37 41
3 8 14 18 22 28 31 39 41
1 9 13 16 21 28 31 38 42
1 9 13 17 21 28 31 36 41
2 9 13 17 21 27 31 36 41
1 8 13 17 21 28 31 36 41
