Vocab size : 100000
[[ 0.11355774  0.05172228  0.0616711  ...,  0.07466446 -0.04465294
   0.07650051]]
[[ 0.1197736   0.04250016  0.07893482 ...,  0.09096964 -0.02142508
   0.05280048]]
[[ 0.10018249  0.00616961  0.1336908  ...,  0.07572236 -0.04465294
   0.05932947]]
[[ 0.13507639  0.08214074  0.09534832 ...,  0.06696001  0.00967259
   0.07877904]]
[[ 0.08845121  0.10277536  0.15976082 ...,  0.04975357 -0.04465294
   0.03906731]]
[[ 0.09130462  0.08210374  0.12033196 ...,  0.08112363 -0.02983296
   0.10894632]]
[[ 0.11107128  0.02997399  0.07202064 ...,  0.01259672 -0.00443079
   0.03398714]]
[[ 0.10009708  0.06911867  0.10191852 ...,  0.02817263  0.00726247
   0.07865348]]
[[ 0.13024163  0.06777734 -0.01810988 ...,  0.04606175 -0.04465294
   0.03438294]]
[[ 0.09609827  0.01024226  0.09143452 ...,  0.03927671 -0.04465294
   0.05002396]]
[[ 0.09190217  0.1270759   0.06775232 ...,  0.02605201 -0.05298724
   0.03436334]]
[[ 0.10271811  0.04343405  0.11600112 ...,  0.03695647 -0.040022
   0.12482204]]
[[ 0.0899468   0.03910735  0.08926138 ...,  0.08177076 -0.04465294
   0.13476449]]
[[ 0.06797379  0.06661381  0.07744648 ...,  0.03700399 -0.04465294
   0.05011616]]
[[ 0.08626281  0.0809726   0.10768969 ...,  0.05397568 -0.04465294
   0.07285739]]
[[ 0.12535232  0.0398606   0.1002401  ...,  0.07065427 -0.00257412
   0.0825233 ]]
[[ 0.11815567  0.06645777  0.07481196 ...,  0.05973888 -0.00257412
   0.06618351]]
[[ 0.1050218   0.0795593   0.09654485 ...,  0.04286809  0.02986051
   0.06671289]]
[[ 0.12534298  0.0723061   0.09641278 ...,  0.05464866 -0.05254289
   0.18286972]]
[[ 0.13788563  0.12148433  0.24492103 ...,  0.04151748 -0.02441681
   0.09490589]]
[[ 0.10439233  0.03278029  0.06256658 ...,  0.0049568  -0.04465294
   0.07736771]]
[[ 0.08211267  0.05574116  0.10339545 ..., -0.00951468 -0.01869988
   0.11936262]]
[[ 0.1210403   0.04072241  0.02415599 ...,  0.01940508 -0.04465294
   0.02640415]]
[[ 0.08635375  0.0518757   0.05353154 ...,  0.03026959 -0.04465294
   0.06828968]]
[[ 0.1059648   0.05619637  0.12265979 ...,  0.05862125 -0.00257412
   0.08586376]]
[[ 0.11620519  0.07372052  0.11916364 ...,  0.02043146 -0.0535804
   0.07502063]]
[[ 0.11997857  0.11266548  0.09065233 ...,  0.07494968 -0.02750032
   0.14194076]]
[[ 0.11022097  0.04384215  0.11171272 ...,  0.05305614 -0.04465294
   0.09641936]]
[[ 0.10268962  0.03260676  0.08368343 ...,  0.05050528 -0.02133135
   0.05023064]]
[[ 0.09271211  0.03106126  0.12045212 ...,  0.06705896 -0.01610859
   0.09630546]]
[[[ 0.02529712 -0.01162617 -0.04579407 ..., -0.00714458 -0.05298724
   -0.01412912]]]
[[ 0.12273999  0.08277848  0.03505736 ...,  0.03030828 -0.0248619
   0.09174136]]
[[ 0.1342833   0.09093895  0.16552287 ...,  0.06630002 -0.00257412
   0.18646629]]
[[ 0.1320188   0.05172228  0.09196466 ...,  0.10285243 -0.04465294
   0.07271678]]
[[ 0.11380606  0.0406264   0.16151734 ...,  0.08328776  0.00283155
   0.06349032]]
[[ 0.1045514   0.0117025   0.08106875 ...,  0.01143786 -0.04465294
   0.07513373]]
[[ 0.12317338  0.02010265  0.10632431 ...,  0.05981943 -0.00278412
   0.07256851]]
[[ 0.08837866  0.01982656  0.01072613 ...,  0.01200296 -0.01761958
   0.05088137]]
[[ 0.10048636 -0.02066884 -0.0367894  ...,  0.0290351  -0.02372102
   0.05285815]]
[[ 0.06228719  0.01602941  0.09128208 ...,  0.01324232 -0.0370868
   0.0275516 ]]
[[ 0.04677323  0.05445443  0.02656721 ..., -0.00336621 -0.04587894
   0.04928217]]
[[ 0.13035715  0.0722134   0.14338546 ...,  0.06705696 -0.04465294
   0.08613179]]
[[ 0.12423941  0.1143978   0.09510688 ...,  0.01457998 -0.04465294
   0.09044886]]
[[ 0.10322116  0.08314776 -0.03784131 ..., -0.00951468 -0.03773583
   0.086491  ]]
[[ 0.11963406  0.03498381  0.07836717 ...,  0.01499838 -0.02919803
   0.09365287]]
[[ 0.1135937   0.05916713  0.11880579 ...,  0.06458382 -0.04870445
   0.13379398]]
[[ 0.06977072  0.04196513  0.06964096 ...,  0.04439723 -0.03815385
   0.09367572]]
[[ 0.08679077  0.06241819  0.09161551 ...,  0.05547523 -0.040022    0.0541563 ]]
[[ 0.10991667  0.01392256  0.0681963  ...,  0.02286985 -0.04323683
   0.10139788]]
[[ 0.09676237  0.01940453  0.0698093  ...,  0.04244915 -0.00257412
   0.05251042]]
[[ 0.09957431  0.05927921  0.01068613 ..., -0.00951468 -0.02919803
  -0.00961073]]
[[ 0.10231794  0.05209539  0.09887038 ...,  0.04244431 -0.04465294
   0.12846285]]
[[ 0.12361263  0.08354405  0.10209534 ...,  0.04724872 -0.05082548
   0.1553389 ]]
[[ 0.0595553   0.07556077  0.0349401  ..., -0.00662085 -0.04465294
   0.03445693]]
[[ 0.10086901  0.05845352  0.08654402 ...,  0.0321865  -0.04465294
   0.04653127]]
[[ 0.07730092  0.11179295  0.07694911 ..., -0.00951468 -0.02802669
   0.05211028]]
[[ 0.13176888  0.06606523  0.1515671  ...,  0.06525484 -0.04294167
   0.07040618]]
[[ 0.08473775  0.05931984  0.07529749 ...,  0.01505543 -0.04465294
   0.11463593]]
[[ 0.08846769  0.056569    0.09865028 ...,  0.03138063 -0.015633
   0.13237703]]
[[ 0.11901129  0.03602777  0.06502736 ...,  0.07328875 -0.04465294
   0.17294036]]
[[ 0.06002842  0.01050762  0.02902643 ...,  0.00050307 -0.01425604
   0.06729498]]
[[ 0.10570522  0.03230468  0.09528296 ...,  0.07068595  0.01713281
   0.09133274]]
[[ 0.10397965  0.11961938  0.0771711  ...,  0.00088303 -0.04465294
   0.02702102]]
[[ 0.08206168  0.00256307  0.01153099 ...,  0.01478115 -0.01860139
   0.06283713]]
[[ 0.1023194   0.06160764 -0.00282784 ...,  0.02567834 -0.00257412
   0.06103298]]
[[ 0.12264124  0.02695635  0.05094168 ...,  0.05140872 -0.00200164
   0.10902032]]
[[ 0.12406545  0.01229448  0.0706631  ...,  0.02563617 -0.04465294
   0.03680474]]
[[ 0.03578908  0.04004177  0.05565013 ...,  0.03020414 -0.040022
   0.07592269]]
[[ 0.10114904  0.00899053  0.07495399 ...,  0.03403742 -0.02594805
   0.05357913]]
[[ 0.12527169  0.03920886  0.1239043  ...,  0.03931828 -0.02802669
   0.15623939]]
[[ 0.07573495  0.05859307  0.07934571 ...,  0.03860377 -0.04465294
   0.0437296 ]]
[[ 0.11314722  0.05172228  0.07960597 ...,  0.02897325 -0.04334354
   0.05515776]]
[[ 0.10066535  0.06470419  0.1055847  ...,  0.00330459 -0.01683973
   0.01984069]]
[[ 0.11918213  0.05721265  0.08560117 ...,  0.01508431 -0.00257412
   0.11476037]]
[[ 0.10646496  0.04422309  0.05563907 ...,  0.06930707 -0.04465294
   0.06094545]]
[[ 0.13345867  0.03548669  0.10792936 ...,  0.05166605 -0.01221066
   0.07586545]]
[[ 0.10872333  0.04913399  0.09067669 ...,  0.00740626 -0.00257412
   0.04600616]]
[[ 0.07486581 -0.01226932  0.05665879 ...,  0.0430117  -0.01690345
   0.06261726]]
[[ 0.06446659  0.04988845  0.04283246 ...,  0.02848067 -0.02802669
   0.04982609]]
[[ 0.09361651  0.05174523  0.13423707 ...,  0.05493496 -0.03655045
   0.17053051]]
[[ 0.11205839  0.05774875  0.12204119 ...,  0.03119617 -0.04465294
   0.08291057]]
[[ 0.14037612  0.05770226  0.07339323 ...,  0.07045746 -0.04465294
   0.11678141]]
[[ 0.10394001  0.06463166  0.0797104  ...,  0.00556749 -0.02636146
   0.0541724 ]]
[[ 0.10186177  0.01752781  0.01217545 ...,  0.00815105 -0.04465294
   0.12606071]]
[[ 0.09873979  0.01650391  0.06300525 ...,  0.01682003 -0.04465294
   0.04284525]]
[[ 0.10570366  0.09205763  0.10650303 ...,  0.06819312  0.01728687
   0.15225673]]
[[ 0.0746646   0.0379277   0.04905446 ...,  0.04568535 -0.04465294
   0.10031609]]
[[ 0.13651885  0.10616227  0.15210688 ..., -0.00523692 -0.04465294
   0.0258343 ]]
[[ 0.11629073  0.06609869  0.16232888 ...,  0.05106929 -0.00257412
   0.10345681]]
[[ 0.11752601  0.06066747  0.0599821  ...,  0.02834428 -0.00257412
   0.06750623]]
[[ 0.12924907  0.01562252  0.09927105 ...,  0.05826312 -0.04465294
   0.08340675]]
[[ 0.08143082  0.04582247  0.01794988 ...,  0.00583891 -0.02340063
   0.08138569]]
[[ 0.1167205   0.02421957  0.09923858 ...,  0.06553112 -0.01683973
   0.04907425]]
[[ 0.10028595  0.0567484   0.07774209 ...,  0.06644788 -0.04465294
   0.1443197 ]]
[[ 0.11019299  0.00052139  0.09554261 ...,  0.03242316 -0.0363377
   0.04047499]]
[[ 0.10769469  0.09559979  0.11079274 ...,  0.09470989 -0.03482543
   0.10916339]]
[[ 0.10026228  0.01428831  0.13967834 ...,  0.04200746 -0.04465294
   0.09862959]]
[[ 0.10655804  0.03347404  0.1490929  ...,  0.02763722 -0.04465294
   0.07227149]]
[[ 0.06760633  0.03887188  0.12262784 ...,  0.01350708 -0.00257412
   0.04718056]]
[[ 0.10814735  0.06793413  0.17521866 ...,  0.06880238 -0.04465294
   0.09385594]]
[[ 0.05188463  0.02205168 -0.03765252 ..., -0.00316817 -0.04465294
   0.06479819]]
[[ 0.1454142   0.0745004   0.10136979 ...,  0.06683651 -0.04465294
   0.0582363 ]]
[[ 0.10603461  0.03449246  0.08454306 ...,  0.0431565  -0.04307216
   0.07103328]]
[[ 0.10604434  0.05744937  0.06554527 ...,  0.0147615  -0.04334354
   0.17707491]]
[[ 0.10020753  0.06558365  0.1444073  ...,  0.0144039  -0.04465294
   0.07072636]]
[[ 0.10196295  0.02299424  0.0238947  ...,  0.06249001 -0.04465294
   0.05338711]]
[[ 0.12768427  0.06920749  0.06110611 ...,  0.0847969  -0.00257412
   0.07852487]]
[[ 0.07295261  0.07476242  0.17272332 ...,  0.10667733 -0.04465294
   0.07492622]]
[[ 0.09149266  0.05082318  0.12375418 ...,  0.07007606 -0.04465294
   0.07103828]]
[[ 0.10198268  0.0383888   0.12260283 ...,  0.02313425 -0.0357507
   0.11189692]]
[[ 0.09280296  0.07063498  0.05360715 ...,  0.03371404 -0.04441993
   0.0575725 ]]
[[ 0.10831256  0.03868838  0.08872939 ...,  0.04240589 -0.02399249
   0.05396124]]
[[ 0.06184186  0.05574116  0.07715971 ..., -0.00433149 -0.04465294
   0.03508015]]
[[ 0.11902939  0.03575941  0.0925182  ...,  0.06464309 -0.04465294
   0.16287751]]
[[ 0.09798786  0.04741947  0.03046056 ...,  0.07565576 -0.04465294
   0.06764018]]
[[ 0.07376878  0.00822387  0.01120479 ...,  0.01680053 -0.04465294
   0.08119006]]
[[ 0.1069194   0.03551232  0.01473019 ...,  0.01985198 -0.03628819
   0.04659783]]
[[ 0.11051806  0.06011655  0.09975611 ..., -0.00951468 -0.04465294
   0.03510002]]
[[ 0.11110624  0.11220832  0.09139495 ...,  0.1017959   0.02986051
   0.0557682 ]]
[[ 0.08086386  0.06796382  0.07221216 ...,  0.04688584 -0.03628819
   0.05478078]]
[[ 0.09695584  0.05695824  0.09605426 ...,  0.05568299 -0.00257412
   0.05997908]]
[[ 0.12685402  0.04197345  0.19696687 ...,  0.00667707 -0.04465294
   0.05685482]]
[[ 0.10048655  0.07679743  0.07934004 ..., -0.00951468 -0.03829682
   0.09526668]]
[[ 0.16328068  0.05071321  0.08013134 ...,  0.01224256 -0.04465294
   0.09007362]]
[[ 0.10125418  0.01481041  0.06976598 ...,  0.04005355 -0.04465294
   0.12302148]]
[[ 0.16059004  0.10286441  0.23175542 ...,  0.06234886 -0.08361131
   0.0734355 ]]
[[ 0.08479967  0.03412552  0.06222463 ..., -0.00951468 -0.04138485
  -0.00986699]]
[[ 0.11217555  0.02660811 -0.00946238 ...,  0.00723922 -0.01592858
   0.05019043]]
[[ 0.10765301  0.07317984  0.06577481 ...,  0.06286331 -0.040022
   0.04311241]]
[[ 0.14183699  0.05613758  0.04005824 ...,  0.05196758  0.00283155
   0.06073715]]
[[ 0.06906638  0.02127309 -0.059946   ..., -0.00951468 -0.04465294
  -0.03101638]]
[[ 0.10628662  0.06615596  0.13925017 ...,  0.1036418  -0.04183929
   0.14423621]]
[[ 0.09461784  0.0814814   0.12247558 ...,  0.05677718 -0.00257412
   0.15139548]]
[[ 0.11269715  0.01472773 -0.02956741 ..., -0.00951468 -0.04465294
   0.04750367]]
[[ 0.08169928  0.02260137  0.08598329 ...,  0.06586353 -0.02935344
   0.03614507]]
[[ 0.13975015  0.10037351  0.14399058 ...,  0.08780658 -0.04465294
   0.1599213 ]]
[[ 0.13472663  0.05709549  0.11206019 ...,  0.07395621 -0.04465294
   0.0625937 ]]
[[ 0.14646305  0.07071519  0.14533618 ...,  0.08384785 -0.01683973
   0.10555944]]
[[ 0.09300749  0.04292366  0.00949587 ..., -0.00951468 -0.02919803
   0.05209135]]
[[ 0.10026459  0.08914471  0.06373326 ...,  0.01964652 -0.04465294
   0.04484427]]
[[ 0.12218625  0.06459631  0.04714392 ...,  0.00509066 -0.04268175
   0.06792659]]
[[ 0.12599042  0.0607384   0.10348488 ...,  0.06088344 -0.04323683
   0.14622594]]
[[ 0.11779208  0.05657008  0.09484226 ...,  0.05431373 -0.02919803
   0.03726256]]
[[ 0.12386435 -0.0012541   0.08283769 ...,  0.01707464 -0.02515315
   0.12522955]]
[[ 0.0995988   0.01229918  0.02333733 ..., -0.02681239 -0.00257412
  -0.0095597 ]]
[[ 0.08433431  0.10402098  0.03059266 ...,  0.03569829  0.00252057
   0.06293982]]
[[ 0.05569062  0.01783735  0.00116529 ...,  0.065568   -0.04465294
   0.04837687]]
[[ 0.14921969  0.02370367  0.12193334 ...,  0.06790823  0.01557818
   0.08073827]]
[[ 0.09749504  0.03509999  0.07161289 ..., -0.0029941  -0.04465294
   0.02039313]]
